SetDesc: HERAPDF
Authors: ...
Reference: ...
Format: lhagrid1
DataVersion: 1
NumMembers: 1
Flavors: [-6, -5, -4, -3, -2, -1, 1, 2, 3, 4, 5, 6, 21]
OrderQCD: 2
FlavorScheme: variable
ErrorType: hessian
XMin: 9.9e-07
XMax: 1
QMin: 1
QMax: 14317.8
MZ: 91.1876
MUp: 0
MDown: 0
MStrange: 0
MCharm: 1.43
MBottom: 4.5
MTop: 173
AlphaS_MZ: 0.118
AlphaS_OrderQCD: 2
AlphaS_Type: ipol
AlphaS_Qs: [1, 1.11291, 1.23856, 1.3784, 1.40397, 1.43,1.43, 1.50308, 1.5799, 1.66064, 1.74551, 1.83472, 1.92849, 2.02705, 2.13064, 2.23953, 2.35399, 2.47429, 2.60074, 2.73366, 2.87337, 3.02022, 3.17457, 3.33681, 3.50735, 3.68659, 3.875, 4.07304, 4.2812, 4.5,4.5, 4.86092, 5.25078, 5.67191, 6.12682, 6.61822, 7.14903, 7.72241, 8.34177, 9.01081, 9.73352, 10.5142, 11.3575, 12.2684, 13.2523, 14.3152, 15.4634, 16.7036, 18.0433, 19.4904, 21.0536, 22.7422, 24.5662, 26.5365, 28.6649, 30.9639, 33.4473, 36.1299, 39.0277, 42.1579, 45.5391, 49.1915, 53.1368, 57.3986, 62.0022, 66.975, 72.3467, 78.1492, 84.417, 91.1876, 99.9231, 109.495, 119.985, 131.479, 144.074, 157.876, 173,173, 190.838, 210.515, 232.221, 256.165, 282.578, 311.714, 343.855, 379.31, 418.42, 461.563, 509.154, 561.652, 619.564, 683.447, 753.916, 831.652, 917.403, 1012, 1116.34, 1231.45, 1358.42, 1498.48, 1652.99, 1823.43, 2011.44, 2218.84, 2447.62, 2700, 2978.39, 3285.49, 3624.25, 3997.95, 4410.17, 4864.9, 5366.51, 5919.85, 6530.24, 7203.57, 7946.32, 8765.66, 9669.48, 10666.5, 11766.3, 12979.5, 14317.8]
AlphaS_Vals: [0.46685, 0.425951, 0.392471, 0.364445, 0.360078, 0.355833,0.357153, 0.347231, 0.337891, 0.329087, 0.320769, 0.312898, 0.305437, 0.298352, 0.291614, 0.285198, 0.279079, 0.273237, 0.267652, 0.262308, 0.257187, 0.252277, 0.247562, 0.243033, 0.238677, 0.234484, 0.230445, 0.226552, 0.222796, 0.21917,0.21948, 0.214628, 0.209995, 0.205567, 0.201328, 0.197268, 0.193375, 0.189639, 0.18605, 0.182599, 0.179278, 0.176081, 0.172999, 0.170027, 0.16716, 0.16439, 0.161714, 0.159126, 0.156623, 0.154199, 0.151852, 0.149577, 0.147371, 0.145232, 0.143155, 0.141139, 0.13918, 0.137277, 0.135426, 0.133626, 0.131874, 0.130169, 0.128509, 0.126891, 0.125315, 0.123779, 0.12228, 0.120818, 0.119392, 0.118, 0.116392, 0.114828, 0.113306, 0.111825, 0.110383, 0.108979, 0.107611,0.107648, 0.106357, 0.105097, 0.103867, 0.102666, 0.101493, 0.100346, 0.099226, 0.0981307, 0.0970596, 0.096012, 0.0949871, 0.0939841, 0.0930023, 0.0920411, 0.0910998, 0.0901778, 0.0892745, 0.0883894, 0.0875218, 0.0866714, 0.0858374, 0.0850196, 0.0842174, 0.0834303, 0.082658, 0.0819001, 0.081156, 0.0804255, 0.0797082, 0.0790038, 0.0783117, 0.0776319, 0.0769639, 0.0763074, 0.0756621, 0.0750277, 0.074404, 0.0737907, 0.0731876, 0.0725943, 0.0720107, 0.0714364, 0.0708713, 0.0703152, 0.0697679]
