SetDesc: HERAPDF
Authors: ...
Reference: ...
Format: lhagrid1
DataVersion: 1
NumMembers: 101
Flavors: [-6, -5, -4, -3, -2, -1, 1, 2, 3, 4, 5, 6, 21]
OrderQCD: 2
FlavorScheme: variable
ErrorType: replicas
XMin: 9.9e-07
XMax: 1
QMin: 1
QMax: 14317.8
MZ: 91.1876
MUp: 0
MDown: 0
MStrange: 0
MCharm: 1.275
MBottom: 4.18
MTop: 173.07
AlphaS_MZ: 0.118002
AlphaS_OrderQCD: 2
AlphaS_Type: ipol
AlphaS_Qs: [1, 1.11291, 1.23856, 1.3784, 1.40397, 1.43, 1.50308, 1.5799, 1.66064, 1.74551, 1.83472, 1.92849, 2.02705, 2.13064, 2.23953, 2.35399, 2.47429, 2.60074, 2.73366, 2.87337, 3.02022, 3.17457, 3.33681, 3.50735, 3.68659, 3.875, 4.07304, 4.2812, 4.5, 4.86092, 5.25078, 5.67191, 6.12682, 6.61822, 7.14903, 7.72241, 8.34177, 9.01081, 9.73352, 10.5142, 11.3575, 12.2684, 13.2523, 14.3152, 15.4634, 16.7036, 18.0433, 19.4904, 21.0536, 22.7422, 24.5662, 26.5365, 28.6649, 30.9639, 33.4473, 36.1299, 39.0277, 42.1579, 45.5391, 49.1915, 53.1368, 57.3986, 62.0022, 66.975, 72.3467, 78.1492, 84.417, 91.1876, 99.9231, 109.495, 119.985, 131.479, 144.074, 157.876, 173, 190.838, 210.515, 232.221, 256.165, 282.578, 311.714, 343.855, 379.31, 418.42, 461.563, 509.154, 561.652, 619.564, 683.447, 753.916, 831.652, 917.403, 1012, 1116.34, 1231.45, 1358.42, 1498.48, 1652.99, 1823.43, 2011.44, 2218.84, 2447.62, 2700, 2978.39, 3285.49, 3624.25, 3997.95, 4410.17, 4864.9, 5366.51, 5919.85, 6530.24, 7203.57, 7946.32, 8765.66, 9669.48, 10666.5, 11766.3, 12979.5, 14317.8]
AlphaS_Vals: [0.436029, 0.403163, 0.375224, 0.352798, 0.349371, 0.346016, 0.337239, 0.328902, 0.320979, 0.313437, 0.306249, 0.299394, 0.292845, 0.286586, 0.280596, 0.274856, 0.269357, 0.264076, 0.259008, 0.254134, 0.249447, 0.244936, 0.240588, 0.2364, 0.232359, 0.228508, 0.224748, 0.221272, 0.218116, 0.213376, 0.208876, 0.204563, 0.200431, 0.196463, 0.192654, 0.188991, 0.185469, 0.182077, 0.178811, 0.175661, 0.172623, 0.16969, 0.166858, 0.16412, 0.161472, 0.158911, 0.15643, 0.154027, 0.1517, 0.149441, 0.147252, 0.145127, 0.143062, 0.141058, 0.13911, 0.137216, 0.135374, 0.133582, 0.131837, 0.130139, 0.128484, 0.126871, 0.1253, 0.123768, 0.122273, 0.120815, 0.119392, 0.118002, 0.116397, 0.114836, 0.113316, 0.111837, 0.110397, 0.108995, 0.107627, 0.106199, 0.10481, 0.103456, 0.102138, 0.100853, 0.0996008, 0.0983801, 0.0971898, 0.0960277, 0.0948935, 0.093787, 0.0927062, 0.0916497, 0.090618, 0.08961, 0.0886241, 0.0876595, 0.0867168, 0.0857945, 0.0848916, 0.0840074, 0.0831423, 0.0822953, 0.0814653, 0.0806517, 0.079855, 0.0790743, 0.0783087, 0.0775575, 0.0768212, 0.0760992, 0.0753909, 0.0746953, 0.0740126, 0.0733428, 0.0726854, 0.0720396, 0.071405, 0.0707817, 0.0701697, 0.0695685, 0.0689774, 0.068396, 0.0678246, 0.0672631]
