SetDesc: ...
Authors: ...
Reference: ...
Format: lhagrid1
DataVersion: 1
NumMembers: 1
Flavors: [-6, -5, -4, -3, -2, -1, 21, 1, 2, 3, 4, 5, 6]
OrderQCD: 2
FlavorScheme: variable
ErrorType: symmhessian
XMin: 9.9e-07
XMax: 0.99085
QMin: 1
QMax: 14317.8
MZ: 91.1876
MUp: 0
MDown: 0
MStrange: 0
MCharm: 1.47
MBottom: 4.5
MTop: 173
AlphaS_MZ: 0.118
AlphaS_OrderQCD: 2
AlphaS_Type: ipol
AlphaS_Qs: [1, 1.11291, 1.23856, 1.3784, 1.42347, 1.47, 1.47, 1.54669, 1.62738, 1.71228, 1.80161, 1.89561, 1.9945, 2.09855, 2.20804, 2.32323, 2.44444, 2.57196, 2.70615, 2.84733, 2.99587, 3.15217, 3.31662, 3.48965, 3.67171, 3.86326, 4.06481, 4.27687, 4.5, 4.5, 4.8708, 5.27215, 5.70657, 6.17678, 6.68574, 7.23664, 7.83294, 8.47837, 9.17698, 9.93315, 10.7516, 11.6376, 12.5965, 13.6344, 14.7579, 15.9739, 17.2902, 18.7149, 20.257, 21.9261, 23.7328, 25.6884, 27.8051, 30.0962, 32.5761, 35.2603, 38.1657, 41.3106, 44.7145, 48.399, 52.387, 56.7037, 61.376, 66.4333, 71.9074, 77.8325, 84.2458, 91.1876, 100.139, 109.968, 120.763, 132.617, 145.634, 159.93, 175.628, 175.628, 192.868, 211.8, 232.59, 255.421, 280.493, 308.027, 338.263, 371.466, 407.929, 447.972, 491.945, 540.234, 593.263, 651.498, 715.449, 785.677, 862.799, 947.491, 1040.5, 1142.63, 1254.79, 1377.96, 1513.22, 1661.76, 1824.88, 2004.01, 2200.72, 2416.75, 2653.97, 2914.49, 3200.57, 3514.74, 3859.75, 4238.62, 4654.68, 5111.58, 5613.34, 6164.34, 6769.43, 7433.92, 8163.63, 8964.97, 9844.98, 10811.4, 11872.6, 13038, 14317.8]
AlphaS_Vals: [0.46814, 0.426993, 0.393335, 0.365175, 0.357572, 0.350318, 0.351586, 0.341804, 0.332599, 0.323922, 0.315725, 0.307967, 0.300613, 0.29363, 0.286989, 0.280666, 0.274635, 0.268878, 0.263374, 0.258106, 0.25306, 0.248221, 0.243575, 0.239111, 0.234819, 0.230687, 0.226707, 0.222871, 0.21917, 0.21948, 0.214504, 0.209757, 0.205225, 0.200893, 0.196747, 0.192775, 0.188967, 0.185312, 0.181801, 0.178425, 0.175177, 0.172049, 0.169035, 0.166128, 0.163323, 0.160614, 0.157996, 0.155465, 0.153016, 0.150646, 0.14835, 0.146125, 0.143968, 0.141875, 0.139844, 0.137872, 0.135956, 0.134095, 0.132285, 0.130524, 0.128811, 0.127144, 0.12552, 0.123938, 0.122397, 0.120895, 0.119429, 0.118, 0.116354, 0.114755, 0.1132, 0.111688, 0.110216, 0.108783, 0.107389, 0.107389, 0.10603, 0.104705, 0.103415, 0.102156, 0.100928, 0.0997301, 0.0985607, 0.0974189, 0.0963039, 0.0952145, 0.09415, 0.0931095, 0.0920921, 0.0910972, 0.0901239, 0.0891716, 0.0882395, 0.0873271, 0.0864336, 0.0855586, 0.0847015, 0.0838616, 0.0830385, 0.0822316, 0.0814406, 0.0806649, 0.079904, 0.0791576, 0.0784252, 0.0777065, 0.077001, 0.0763085, 0.0756284, 0.0749606, 0.0743046, 0.0736602, 0.073027, 0.0724048, 0.0717932, 0.0711921, 0.070601, 0.0700199, 0.0694483, 0.0688862, 0.0683332, 0.0677891, 0.0672538]
