SetDesc: HERAPDF
Authors: ...
Reference: ...
Format: lhagrid1
DataVersion: 1
NumMembers: 57
Flavors: [-6, -5, -4, -3, -2, -1, 1, 2, 3, 4, 5, 6, 21]
OrderQCD: 2
FlavorScheme: variable
ErrorType: hessian
XMin: 9.9e-07
XMax: 1
QMin: 1
QMax: 14317.8
MZ: 91.1876
MUp: 0
MDown: 0
MStrange: 0
MCharm: 1.3
MBottom: 4.75
MTop: 172
AlphaS_MZ: 0.118001
AlphaS_OrderQCD: 2
AlphaS_Type: ipol
AlphaS_Qs: [1, 1.11291, 1.23856, 1.3784, 1.40397, 1.43, 1.50308, 1.5799, 1.66064, 1.74551, 1.83472, 1.92849, 2.02705, 2.13064, 2.23953, 2.35399, 2.47429, 2.60074, 2.73366, 2.87337, 3.02022, 3.17457, 3.33681, 3.50735, 3.68659, 3.875, 4.07304, 4.2812, 4.5, 4.86092, 5.25078, 5.67191, 6.12682, 6.61822, 7.14903, 7.72241, 8.34177, 9.01081, 9.73352, 10.5142, 11.3575, 12.2684, 13.2523, 14.3152, 15.4634, 16.7036, 18.0433, 19.4904, 21.0536, 22.7422, 24.5662, 26.5365, 28.6649, 30.9639, 33.4473, 36.1299, 39.0277, 42.1579, 45.5391, 49.1915, 53.1368, 57.3986, 62.0022, 66.975, 72.3467, 78.1492, 84.417, 91.1876, 99.9231, 109.495, 119.985, 131.479, 144.074, 157.876, 173, 190.838, 210.515, 232.221, 256.165, 282.578, 311.714, 343.855, 379.31, 418.42, 461.563, 509.154, 561.652, 619.564, 683.447, 753.916, 831.652, 917.403, 1012, 1116.34, 1231.45, 1358.42, 1498.48, 1652.99, 1823.43, 2011.44, 2218.84, 2447.62, 2700, 2978.39, 3285.49, 3624.25, 3997.95, 4410.17, 4864.9, 5366.51, 5919.85, 6530.24, 7203.57, 7946.32, 8765.66, 9669.48, 10666.5, 11766.3, 12979.5, 14317.8]
AlphaS_Vals: [0.4405, 0.411118, 0.383696, 0.359604, 0.355957, 0.352387, 0.343024, 0.334198, 0.325835, 0.317903, 0.310386, 0.303218, 0.296407, 0.289916, 0.283705, 0.277784, 0.272115, 0.266678, 0.261476, 0.256481, 0.251676, 0.247068, 0.242632, 0.238352, 0.234236, 0.230268, 0.226426, 0.222681, 0.21908, 0.213935, 0.209339, 0.20504, 0.200849, 0.196834, 0.192976, 0.189274, 0.185718, 0.182292, 0.178999, 0.175827, 0.172765, 0.169815, 0.166967, 0.164212, 0.161552, 0.15898, 0.156488, 0.154077, 0.151743, 0.149478, 0.14728, 0.145151, 0.143083, 0.141073, 0.139121, 0.137226, 0.135382, 0.133586, 0.13184, 0.130141, 0.128486, 0.126871, 0.125299, 0.123767, 0.122272, 0.120812, 0.119389, 0.118001, 0.116396, 0.114833, 0.113314, 0.111837, 0.110397, 0.108994, 0.107628, 0.106201, 0.104812, 0.103458, 0.102141, 0.100858, 0.0996064, 0.0983854, 0.0971959, 0.0960356, 0.0949023, 0.0937951, 0.0927151, 0.0916605, 0.0906297, 0.089621, 0.0886357, 0.0876729, 0.086731, 0.0858087, 0.0849057, 0.0840227, 0.0831585, 0.082312, 0.0814819, 0.0806688, 0.0798727, 0.0790926, 0.0783276, 0.0775768, 0.0768404, 0.0761187, 0.0754109, 0.0747162, 0.0740339, 0.0733637, 0.0727063, 0.072061, 0.0714273, 0.0708046, 0.0701921, 0.0695905, 0.0689997, 0.0684191, 0.0678484, 0.0672868]
